0 JOI 07/05/2016 02:47:38 53.419 1795 0 0 20:47 19:47 187 Tue 27 48.32 5.444 5.810 89.8 57.9 4547 2.7 -6.7 32.8 4.0 2.9 12.0 16.0 19.4 0.4
1 COrbit 08/27/2016 12:51:20 53.222 1849 53.4 0 06:51 05:51 240 Sat 34 52.96 5.449 6.368 89.9 57.8 4147 3.8 1.1 96.1 5.0 2.7 2.8 16.1 15.8 0.4
2 PRM 10/19/2016 18:11:07 13.987 1902 106.7 0 12:11 11:11 293 Wed 42 53.15 5.453 6.390 90.0 57.6 4180 4.7 -3.3 347.9 4.0 6.3 9.4 17.3 18.6 0.3
3 Cleanup 11/02/2016 17:52:29 13.960 1916 120.6 14.0 11:52 10:52 307 Wed 44 52.38 5.454 6.298 90.0 57.4 4194 5.7 6.9 284.1 4.5 7.3 12.2 17.7 20.2 0.3
4 MWR 11/16/2016 16:54:46 13.957 1930 134.6 28.0 09:54 08:54 321 Wed 46 51.30 5.454 6.168 90.0 57.4 4233 6.6 16.2 196.7 7.0 8.3 14.9 18.2 22.0 0.3
5 GRAV 11/30/2016 15:52:21 13.957 1944 148.6 41.9 08:52 07:52 335 Wed 48 49.94 5.455 6.005 90.1 57.4 4324 7.6 6.6 106.5 6.0 9.3 17.4 18.8 23.8 0.3
6 MWR 12/14/2016 14:49:58 13.957 1958 162.5 55.9 07:49 06:49 349 Wed 50 48.34 5.455 5.813 90.1 57.4 4357 8.6 -1.0 16.3 4.0 10.4 19.6 19.3 25.5 0.3
7 MWR 12/28/2016 13:47:35 14.008 1972 176.5 69.8 06:47 05:47 363 Wed 52 46.58 5.456 5.601 90.0 57.4 4375 9.5 10.4 286.0 4.5 11.4 21.4 19.8 26.9 0.3
8 MWRTilt 01/11/2017 13:59:37 13.957 1986 190.5 83.8 06:59 05:59 011 Wed 02 44.72 5.456 5.377 89.9 57.4 4418 10.5 17.9 240.8 4.0 12.4 22.7 20.4 27.9 0.3
9 MWR 01/25/2017 12:57:12 13.957 2000 204.4 97.8 05:57 04:57 025 Wed 04 42.85 5.456 5.153 89.9 57.4 4394 11.4 17.3 150.6 10.0 13.4 23.5 21.0 28.6 0.3
10 GRAV 02/08/2017 11:54:47 13.957 2014 218.4 111.7 04:54 03:54 039 Wed 06 41.09 5.456 4.940 89.9 57.4 4377 12.4 4.8 60.4 4.0 14.5 23.7 21.7 28.8 0.3
11 GRAV 02/22/2017 10:52:21 13.931 2028 232.3 125.7 03:52 02:52 053 Wed 08 39.53 5.456 4.753 89.9 57.4 4313 13.3 7.3 330.2 4.0 15.5 23.3 22.5 28.5 0.3
12 GRAV 03/08/2017 09:12:44 13.957 2042 246.3 139.6 02:12 01:12 067 Wed 10 38.28 5.456 4.603 89.9 57.4 4285 14.2 23.4 217.5 4.5 16.6 22.4 23.2 27.8 0.3
13 GRAV 03/22/2017 08:10:19 13.957 2056 260.2 153.6 02:10 01:10 081 Wed 12 37.44 5.456 4.502 90.0 57.4 4358 15.2 17.4 127.2 8.5 17.6 21.0 24.0 26.7 0.3
14 MWRTilt 04/05/2017 07:07:53 13.957 2070 274.2 167.5 01:07 00:07 095 Wed 14 37.07 5.456 4.457 89.9 57.4 4492 16.1 6.8 37.0 4.0 18.7 19.3 24.8 25.4 0.3
15 GRAV 04/19/2017 06:05:27 14.008 2084 288.1 181.5 00:05 23:05 109 Wed 16 37.18 5.455 4.471 90.0 57.4 4599 17.1 14.4 306.8 4.5 19.8 17.5 25.6 24.1 0.3
16 GRAV 05/03/2017 06:17:26 13.957 2098 302.2 195.5 00:17 23:17 123 Wed 18 37.78 5.455 4.543 90.0 57.3 4742 18.0 22.6 261.5 4.0 20.8 16.0 26.5 23.0 0.3
17 GRAV 05/17/2017 05:14:57 13.957 2112 316.1 209.5 23:14 22:14 137 Wed 20 38.81 5.454 4.666 90.1 57.3 4854 18.9 27.1 171.2 10.0 21.9 14.8 27.4 22.2 0.3
18 GRAV 05/31/2017 04:12:29 13.957 2125 330.1 223.4 22:12 21:12 151 Wed 22 40.17 5.454 4.829 90.2 57.3 4926 19.9 14.7 81.0 4.5 23.0 14.2 28.3 21.8 0.3
19 GRAV 06/14/2017 03:10:03 14.021 2139 344.0 237.4 21:10 20:10 165 Wed 24 41.77 5.453 5.022 90.2 57.2 5006 20.8 12.5 350.7 4.0 24.1 14.1 29.2 21.7 0.3
20 GRAV 06/28/2017 03:40:40 13.957 2153 358.0 251.4 21:40 20:40 179 Wed 26 43.52 5.452 5.233 90.2 57.2 5146 21.7 17.4 316.7 4.5 25.1 14.5 30.1 22.0 0.3
21 GRAV 07/12/2017 02:38:12 13.957 2167 372.0 265.4 20:38 19:38 193 Wed 28 45.32 5.451 5.449 90.3 57.2 5252 22.7 31.3 226.4 4.5 26.2 15.6 31.0 22.7 0.3
22 GRAV 07/26/2017 01:35:46 13.957 2181 386.0 279.3 19:35 18:35 207 Wed 30 47.08 5.450 5.661 90.4 57.2 5339 23.6 27.2 136.2 9.0 27.3 17.1 31.9 23.8 0.3
23 GRAV 08/09/2017 00:33:19 13.982 2195 399.9 293.3 18:33 17:33 221 Wed 32 48.73 5.449 5.859 90.4 57.1 5431 24.5 15.7 45.9 4.0 28.3 19.0 32.8 25.2 0.3
24 GRAV 08/23/2017 00:08:07 13.957 2209 413.9 307.3 18:08 17:08 235 Wed 34 50.21 5.448 6.038 90.5 57.1 5495 25.5 18.4 338.1 4.0 29.4 21.2 33.8 26.9 0.3
25 GRAV 09/05/2017 23:05:44 13.957 2223 427.9 321.2 17:05 16:05 248 Tue 36 51.46 5.447 6.188 90.5 57.1 5527 26.4 32.8 247.9 4.0 30.4 23.7 34.7 28.9 0.3
26 GRAV 09/19/2017 22:03:21 13.957 2237 441.8 335.2 16:03 15:03 262 Tue 38 52.45 5.445 6.306 90.5 57.1 5628 27.4 34.0 157.6 10.0 31.4 26.4 35.5 31.1 0.3
27 GRAV 10/03/2017 21:00:55 13.982 2251 455.8 349.1 15:00 14:00 276 Tue 40 53.13 5.444 6.388 90.4 57.1 5785 28.3 21.3 67.4 4.0 32.4 29.2 36.4 33.5 0.3
28 GRAV 10/17/2017 20:35:43 13.957 2265 469.8 363.1 14:35 13:35 290 Tue 42 53.47 5.442 6.430 90.4 57.0 5933 29.2 20.2 359.6 4.0 33.5 32.2 37.3 36.1 0.3
29 GRAV 10/31/2017 19:33:14 13.957 2279 483.7 377.1 13:33 12:33 304 Tue 44 53.48 5.440 6.430 90.4 57.0 6105 30.1 33.4 269.3 4.0 34.5 35.2 38.3 38.8 0.3
30 GRAV 11/14/2017 18:30:45 13.957 2293 497.7 391.0 11:30 10:30 318 Tue 46 53.13 5.439 6.388 90.5 56.9 6289 31.0 39.8 179.0 9.0 35.6 38.3 39.2 41.6 0.3
31 GRAV 11/28/2017 17:28:16 13.982 2307 511.6 405.0 10:28 09:28 332 Tue 48 52.44 5.437 6.305 90.4 56.9 6520 32.0 27.7 88.8 5.0 36.6 41.2 40.2 44.3 0.3
32 GRAV 12/12/2017 17:02:53 13.957 2321 525.6 419.0 10:02 09:02 346 Tue 50 51.42 5.435 6.183 90.4 56.7 7095 32.9 23.3 20.9 4.0 37.7 44.0 41.1 46.9 0.3
33 GRAV 12/26/2017 16:00:20 13.957 2335 539.6 432.9 09:00 08:00 360 Tue 52 50.12 5.433 6.026 90.5 56.6 7417 33.8 33.5 290.6 4.5 38.8 46.6 42.1 49.3 0.3
34 GRAV 01/09/2018 14:57:50 13.957 2349 553.5 446.9 07:57 06:57 009 Tue 02 48.56 5.431 5.839 90.5 56.5 7622 34.7 44.3 200.3 6.0 39.8 48.9 43.1 51.5 0.3
35 GRAV 01/23/2018 13:55:18 13.957 2363 567.5 460.8 06:55 05:55 023 Tue 04 46.82 5.428 5.630 90.5 56.5 7812 35.6 34.7 109.9 7.0 40.9 50.9 44.1 53.3 0.3
36 Extra 02/06/2018 12:52:47 13.949 2377 581.4 474.8 05:52 04:52 037 Tue 06 44.97 5.426 5.407 90.6 56.4 7950 36.5 26.9 19.6 4.0 42.0 52.4 45.1 54.8 0.3
37 Deorbit 02/20/2018 11:39:44 0 2391 595.4 488.7 04:39 03:39 051 Tue 08 43.09 5.424 5.181 90.6 60.0 -700 37.6 38.5 282.9 4.5 43.1 53.4 46.1 55.8 0.3
38 NewOrbit3 12/11/2016 15:24:00 0 2391 595.4 488.7 04:39 03:39 051 Tue 08 43.09 5.424 5.181 90.6 60.0 -700 37.6 38.5 277.0 4.5 43.1 53.4 46.1 55.8 0.3
39 NewOrbit4 2/2/2017 11:18:00 0 2391 595.4 488.7 04:39 03:39 051 Tue 08 43.09 5.424 5.181 90.6 60.0 -700 37.6 38.5 187.0 4.5 43.1 53.4 46.1 55.8 0.3